cam0:
  T_cam_imu:
   [ 0.9999640835291127, 0.003096369886143457, -0.007889495884364753, 0.019912764090909606,
    -0.0032105250217951686, 0.9998897454664228, -0.014497911579812181, 0.00022407627441473266,
    0.007843735134848163, 0.014522720289939105, 0.9998637739284857, 0.0005495134630665729,
    0.0, 0.0, 0.0, 1.0]
  cam_overlaps: [1]
  camera_model: pinhole
  distortion_coeffs: [-0.02806671289604491, 0.03642984596587763, -0.01857548607602928,
    0.003221112054853274]
  distortion_model: equidistant
  intrinsics: [283.1257571408376, 283.82025093103096, 316.3897948656619, 234.6231605838272]
  resolution: [640, 480]
  rostopic: /cam0/image_raw
  timeshift_cam_imu: -0.0001378762919252491
cam1:
  T_cam_imu:
   [ 0.9999309924517873, 0.0027797356566653364, -0.011414175575263379, -0.054892869120878235,
    -0.002966163254401109, 0.9998619518210592, -0.01634867505733294, 0.0005498829332353812,
    0.011367154874114998, 0.016381403183521336, 0.9998011989489746, 0.00011102438632714989,
    0.0, 0.0, 0.0, 1.0]
  T_cn_cnm1:
   [ 0.9999937376404091, -0.00026539258488127593, -0.0035290574856257782, -0.07480350977811673,
    0.0002588685222140577, 0.9999982570946933, -0.0018489982856398398, 0.0003216683110021111,
    0.003529542045247232, 0.001848073144651583, 0.9999920634478051, -0.0005091817629381968,
    0.0, 0.0, 0.0, 1.0]
  cam_overlaps: [0]
  camera_model: pinhole
  distortion_coeffs: [-0.022473841567791007, 0.020111010293729227, -0.007489665368696696,
    0.0009052019271969508]
  distortion_model: equidistant
  intrinsics: [280.96680059853924, 281.3615116127264, 321.6585497127668, 233.3637917302805]
  resolution: [640, 480]
  rostopic: /cam1/image_raw
  timeshift_cam_imu: -0.00017246354209385584
T_imu_body:
  [1.0000, 0.0000, 0.0000, 0.0000,
  0.0000, 1.0000, 0.0000, 0.0000,
  0.0000, 0.0000, 1.0000, 0.0000,
  0.0000, 0.0000, 0.0000, 1.0000]
