cam0:
  T_cam_imu:
   [ 0.9993736114250995, 0.029826896211212057, 0.019045761984235573, 0.007534813791893386,
    -0.029093824199533578, 0.9988665489227657, -0.03767183080991737, 0.09088013983370465,
    -0.020147808332451538, 0.03709411955458694, 0.9991086488034567, 0.0027230159918666718,
    0.0, 0.0, 0.0, 1.0]
  cam_overlaps: [1]
  camera_model: pinhole
  distortion_coeffs: [-0.02806671289604491, 0.03642984596587763, -0.01857548607602928,
    0.003221112054853274]
  distortion_model: equidistant
  intrinsics: [283.1257571408376, 283.82025093103096, 316.3897948656619, 234.6231605838272]
  resolution: [640, 480]
  rostopic: /cam0/image_raw
  timeshift_cam_imu: 6.252890136697505e-05
cam1:
  T_cam_imu:
   [ 0.9994461770472038, 0.029430710368805686, 0.015529728681367932, -0.06730247176713115,
    -0.02879781385875759, 0.9988039422740393, -0.03951418498202983, 0.09119856542343967,
    -0.01667408476306204, 0.03904507888358271, 0.9990983218443964, 0.0024083602054603796,
    0.0, 0.0, 0.0, 1.0]
  T_cn_cnm1:
   [ 0.9999937376404091, -0.00026539258488127593, -0.0035290574856257782, -0.07480350977811673,
    0.0002588685222140577, 0.9999982570946933, -0.0018489982856398398, 0.0003216683110021111,
    0.003529542045247232, 0.001848073144651583, 0.9999920634478051, -0.0005091817629381968,
    0.0, 0.0, 0.0, 1.0]
  cam_overlaps: [0]
  camera_model: pinhole
  distortion_coeffs: [-0.022473841567791007, 0.020111010293729227, -0.007489665368696696,
    0.0009052019271969508]
  distortion_model: equidistant
  intrinsics: [280.96680059853924, 281.3615116127264, 321.6585497127668, 233.3637917302805]
  resolution: [640, 480]
  rostopic: /cam1/image_raw
  timeshift_cam_imu: 2.8617800432545187e-05
T_imu_body:
  [1.0000, 0.0000, 0.0000, 0.0000,
  0.0000, 1.0000, 0.0000, 0.0000,
  0.0000, 0.0000, 1.0000, 0.0000,
  0.0000, 0.0000, 0.0000, 1.0000]
