cam0:
  T_cam_imu:
   [0.9999736770831334, 0.0020701789524292737, -0.006954099506303797, 0.01954980543422245,
    -0.002160303410631782, 0.9999134551777595, -0.012977489882487396, 7.04540377045208e-05,
    0.006926631938588087, 0.012992171241981413, 0.999891606753656, 0.0021011146931759917,
    0.0, 0.0, 0.0, 1.0]
  cam_overlaps: [1]
  camera_model: pinhole
  distortion_coeffs: [-0.0300424703888594, 0.03388392463072763, -0.01472425305818584,
    0.0021877233264670725]
  distortion_model: equidistant
  intrinsics: [284.7635303923992, 284.4677411369713, 316.1685765030213, 234.68326161038902]
  resolution: [640, 480]
  rostopic: /cam0/image_raw
  timeshift_cam_imu: -8.95768707972079e-05
cam1:
  T_cam_imu:
   [0.9999035189680955, 0.001795074396247725, -0.013774268152318222, -0.055355491915188876,
    -0.002026258616803081, 0.999857014811178, -0.016788216370368796, 0.0002924428599058506,
    0.013742162538620458, 0.016814506855463335, 0.9997641848595948, 0.0016905658979605542,
    0.0, 0.0, 0.0, 1.0]
  T_cn_cnm1:
   [0.9999767023474807, -0.00018642051489092573, -0.006823489550737994, -0.07489049181660573,
    0.00016042459490780685, 0.9999927286050561, -0.0038101182348239, 0.000226858560289078,
    0.006824150218653707, 0.0038089348124661737, 0.9999694610283791, -0.0005441637931989292,
    0.0, 0.0, 0.0, 1.0]
  cam_overlaps: [0]
  camera_model: pinhole
  distortion_coeffs: [-0.02732825626326483, 0.02309446404225064, -0.00797456128458893,
    0.0009532370092952769]
  distortion_model: equidistant
  intrinsics: [282.936677726331, 282.30036911944507, 321.30589926935136, 233.41077903446794]
  resolution: [640, 480]
  rostopic: /cam1/image_raw
  timeshift_cam_imu: -0.0001035969031445101
T_imu_body:
  [1.0000, 0.0000, 0.0000, 0.0000,
  0.0000, 1.0000, 0.0000, 0.0000,
  0.0000, 0.0000, 1.0000, 0.0000,
  0.0000, 0.0000, 0.0000, 1.0000]
