%YAML:1.0
---
extrinsicRotation: !!opencv-matrix
   rows: 3
   cols: 3
   dt: d
   data: [ 9.9020924458572135e-01, 1.0343685982128708e-02,
       1.3920725590743516e-01, -5.5372892585536394e-03,
       -9.9355528771931967e-01, 1.1321320008130013e-01,
       1.3948114698640146e-01, -1.1287558817248532e-01,
       -9.8377035492541398e-01 ]
extrinsicTranslation: !!opencv-matrix
   rows: 3
   cols: 1
   dt: d
   data: [ -2.0555171701977382e-01, -9.3871374387808820e-02,
       1.1998090158311524e-01 ]
