%YAML:1.0
---
extrinsicRotation: !!opencv-matrix
   rows: 3
   cols: 3
   dt: d
   data: [ 9.9995375236217543e-01, -3.9074701404180978e-03,
       8.7877650120431697e-03, 3.7963114179938614e-03,
       9.9991302463840737e-01, 1.2630565232374597e-02,
       -8.8363542495057627e-03, -1.2596620005914343e-02,
       9.9988161499649741e-01 ]
extrinsicTranslation: !!opencv-matrix
   rows: 3
   cols: 1
   dt: d
   data: [ -1.0540783481462063e-02, 6.7892696865371289e-03,
       -1.1384280782048169e-02 ]
