%YAML:1.0
---
extrinsicRotation: !!opencv-matrix
   rows: 3
   cols: 3
   dt: d
   data: [ -1.8840782615570095e-03, 7.8079157165545854e-01,
       6.2478874180070143e-01, -2.3479228481943837e-01,
       -6.0766953906751442e-01, 7.5868986699358421e-01,
       9.7204374039359576e-01, -1.4526614513118269e-01,
       1.8446873404551256e-01 ]
extrinsicTranslation: !!opencv-matrix
   rows: 3
   cols: 1
   dt: d
   data: [ -2.9001515096152497e+00, -2.8152789908585758e+00,
       -8.1023431027363593e+00 ]
